<?xml version="1.0" encoding="UTF-8"?>
<document version="2.0.0">
  <chunk label="Chunk 1" enabled="true">
    <sensors next_id="1">
      <sensor id="0" label="2201117TG (4.25mm)" type="frame">
        <resolution width="3072" height="4080"/>
        <property name="focal_length" value="4.25"/>
        <property name="layer_index" value="0"/>
        <bands>
          <band label="Red"/>
          <band label="Green"/>
          <band label="Blue"/>
        </bands>
        <data_type>uint8</data_type>
        <calibration type="frame" class="adjusted">
          <resolution width="3072" height="4080"/>
          <f>3262.7109815508784</f>
          <cx>5.8949684130343387</cx>
          <cy>-4.7378856319387426</cy>
          <k1>0.11484810991600937</k1>
          <k2>-0.17348456297986925</k2>
          <k3>0.069510944740894212</k3>
          <p1>-0.0075538185158423015</p1>
          <p2>-0.0050784836852195651</p2>
        </calibration>
        <covariance>
          <params>f cx cy k1 k2 k3 p1 p2</params>
          <coeffs>100.85158344771985 -8.4239323767329459 -5.4005652028325537 0.016659468625009666 -0.019926106799859337 0.0087655909894177458 -0.00078340498271263124 -0.00052925124135467356 -8.4239323767329459 4.0130506403047637 0.57563959560967481 -0.0016973439982006652 0.0023028160217638677 -0.0013636752254319144 0.00025121667338663174 2.9012798237069745e-05 -5.4005652028325537 0.57563959560967481 3.9856154315772985 -0.001320566666106275 0.0010073856308307119 -0.0005066786910533673 -9.5808394579853127e-05 -1.0601106430912937e-05 0.016659468625009666 -0.0016973439982006652 -0.001320566666106275 3.9615333754513463e-06 -4.9280748965024234e-06 3.0842798246160203e-06 -1.9405061748983538e-07 -1.9178898647039898e-07 -0.019926106799859337 0.0023028160217638677 0.0010073856308307119 -4.9280748965024234e-06 1.1147783313364312e-05 -1.0033593101029984e-05 2.7057499413460156e-07 1.508624211641187e-07 0.0087655909894177458 -0.0013636752254319144 -0.0005066786910533673 3.0842798246160203e-06 -1.0033593101029984e-05 1.0709632813827154e-05 -1.6420015277661894e-07 -1.0567795927521057e-07 -0.00078340498271263124 0.00025121667338663174 -9.5808394579853127e-05 -1.9405061748983538e-07 2.7057499413460156e-07 -1.6420015277661894e-07 1.3448414222464993e-07 3.8079547082146955e-08 -0.00052925124135467356 2.9012798237069745e-05 -1.0601106430912937e-05 -1.9178898647039898e-07 1.508624211641187e-07 -1.0567795927521057e-07 3.8079547082146955e-08 1.2640274010968511e-07</coeffs>
        </covariance>
        <meta>
          <property name="Exif/Make" value="Xiaomi"/>
          <property name="Exif/Model" value="2201117TG"/>
        </meta>
      </sensor>
    </sensors>
    <components next_id="1" active_id="0">
      <component id="0" label="Component 1">
        <region>
          <center>1.3897910817234722 0.21730244688078837 -5.4683728704793237</center>
          <size>12.877610842386883 11.333005777994792 4.3480831782023124</size>
          <R>-0.96044505936222624 0.18294873875520168 -0.2099405795328067 -0.20425350695914662 -0.97525931299576485 0.084556355822131973 -0.18927702671370267 0.12409283380965246 0.97405091024828383</R>
        </region>
        <partition>
          <camera_ids>0 1 2 3 4 5</camera_ids>
        </partition>
      </component>
    </components>
    <cameras next_id="6" next_group_id="0">
      <camera id="0" sensor_id="0" component_id="0" label="1000460437">
        <transform>0.9755611664133319 0.0052234687155842986 0.21966594174071938 2.4986140061912225 -0.0014576937379182358 -0.99954154236893156 0.030242027175833242 -0.16717814321114915 0.21972320249629135 -0.029823152974069275 -0.97510629873437837 0.83242930724765274 0 0 0 1</transform>
        <orientation>1</orientation>
      </camera>
      <camera id="1" sensor_id="0" component_id="0" label="1000460438">
        <transform>0.98053724520836083 -0.0052700893722789641 0.19626241850442616 1.8296967805744748 -0.010735073359633827 -0.99958338904081678 0.026791912093734927 -0.16562869692711268 0.19603945765881312 -0.028377359138639698 -0.98018531744214343 0.57770750962035966 0 0 0 1</transform>
        <rotation_covariance>4.8684661569873244e-09 6.3534569640274992e-09 -5.5502616981125516e-10 6.3534569640274992e-09 1.1181768692118527e-07 -6.106684996045483e-09 -5.5502616981125537e-10 -6.1066849960454821e-09 1.1484350681816788e-08</rotation_covariance>
        <location_covariance>5.2304642088660204e-07 6.1464758209999648e-08 -1.5756805829879047e-07 6.1464758209999648e-08 2.1385269591748844e-07 3.29340141201709e-08 -1.5756805829879047e-07 3.29340141201709e-08 2.6625751945683081e-07</location_covariance>
        <orientation>1</orientation>
      </camera>
      <camera id="2" sensor_id="0" component_id="0" label="1000460439">
        <transform>0.98316145453750536 0.0040775077667538828 0.18269353639937214 0.76657598641118563 -4.3194999717648136e-05 -0.99974581427956444 0.022545619634028805 -0.15217849643260359 0.18273902825036764 -0.022173875640093849 -0.98291137280693253 -0.043908782814285771 0 0 0 1</transform>
        <rotation_covariance>1.3754117008288794e-08 4.1547094029021167e-08 5.5440127215399409e-09 4.1547094029021173e-08 7.2112981649742308e-07 -3.3942743485592179e-08 5.5440127215399426e-09 -3.3942743485592172e-08 6.7229753194853502e-08</rotation_covariance>
        <location_covariance>1.3896246946742122e-06 -5.356939599269388e-08 -1.5794532264439685e-06 -5.356939599269388e-08 6.3517237883734611e-07 -1.3610737516960039e-08 -1.5794532264439685e-06 -1.3610737516960039e-08 2.9437347026374577e-06</location_covariance>
        <orientation>1</orientation>
      </camera>
      <camera id="3" sensor_id="0" component_id="0" label="1000460440">
        <transform>0.98605901657580985 0.00081942557269570025 0.1663939433130813 -0.10928270009467073 -0.003261802638099011 -0.99970053763222921 0.02425274626474043 -0.18913837340290582 0.16636398790933149 -0.024457383334335017 -0.98576105620344978 -0.23245596041659372 0 0 0 1</transform>
        <rotation_covariance>1.6710630054804125e-08 8.6435280912012725e-08 7.9813000048866689e-09 8.6435280912012738e-08 1.6427055632325185e-06 -8.2661762841046886e-08 7.9813000048866755e-09 -8.2661762841046886e-08 1.5134635417910837e-07</rotation_covariance>
        <location_covariance>2.092706518213277e-06 -1.6212156827230994e-07 -3.5433041464445784e-06 -1.6212156827230994e-07 7.2491831903151735e-07 4.4410440160465636e-07 -3.5433041464445784e-06 4.4410440160465636e-07 7.2525245355564534e-06</location_covariance>
        <orientation>1</orientation>
      </camera>
      <camera id="4" sensor_id="0" component_id="0" label="1000460441">
        <transform>0.98698390199175567 -0.0033637751975506532 0.16078389914897939 -0.98837940737261154 -0.008448233639848847 -0.99948523661788113 0.030949784026147453 -0.16666298766905932 0.16059702536938636 -0.031905278549465607 -0.98650425677905051 -0.46745091034865838 0 0 0 1</transform>
        <rotation_covariance>1.7346393890267608e-08 1.043402713285262e-07 1.6126398976915678e-08 1.043402713285262e-07 2.930861760502005e-06 -1.660843444972275e-07 1.6126398976915685e-08 -1.6608434449722747e-07 2.7186353401914904e-07</rotation_covariance>
        <location_covariance>2.5681336092984667e-06 -4.9018387905700188e-07 -6.2629469061641545e-06 -4.9018387905700188e-07 1.0859643471412603e-06 1.4010368872028346e-06 -6.2629469061641545e-06 1.4010368872028346e-06 1.7119612896484409e-05</location_covariance>
        <orientation>1</orientation>
      </camera>
      <camera id="5" sensor_id="0" component_id="0" label="1000460442">
        <transform>0.99030570604940715 -0.0046479381390243536 0.13882724961995513 -1.5309067209314264 -0.0052190258990848469 -0.99997934977810943 0.0037499048006644519 -0.18267987432895416 0.1388069534809053 -0.0044380951325053344 -0.99030951372636256 -0.72816727026519756 0 0 0 1</transform>
        <rotation_covariance>3.3393943113347136e-08 2.479950578828606e-07 2.5964228518124846e-08 2.4799505788286055e-07 3.9839959413812604e-06 -1.2909885689435339e-07 2.5964228518124853e-08 -1.2909885689435339e-07 3.5751797183911926e-07</rotation_covariance>
        <location_covariance>4.0692982984507695e-06 -3.7186634519379736e-07 -1.0503391781417884e-05 -3.7186634519379736e-07 2.1088420547805336e-06 9.3922571937881617e-07 -1.0503391781417883e-05 9.3922571937881617e-07 2.7110834326691278e-05</location_covariance>
        <orientation>1</orientation>
      </camera>
    </cameras>
    <reference>LOCAL_CS["Local Coordinates (m)",LOCAL_DATUM["Local Datum",0],UNIT["metre",1,AUTHORITY["EPSG","9001"]]]</reference>
    <region>
      <center>1.3897910817234722 0.21730244688078837 -5.4683728704793237</center>
      <size>12.877610842386883 11.333005777994792 4.3480831782023124</size>
      <R>-0.96044505936222624 0.18294873875520168 -0.2099405795328067 -0.20425350695914662 -0.97525931299576485 0.084556355822131973 -0.18927702671370267 0.12409283380965246 0.97405091024828383</R>
    </region>
    <settings>
      <property name="accuracy_tiepoints" value="1"/>
      <property name="accuracy_cameras" value="10"/>
      <property name="accuracy_cameras_ypr" value="10"/>
      <property name="accuracy_markers" value="0.0050000000000000001"/>
      <property name="accuracy_scalebars" value="0.001"/>
      <property name="accuracy_projections" value="0.5"/>
    </settings>
    <meta>
      <property name="AlignCameras/adaptive_fitting" value="false"/>
      <property name="AlignCameras/align_laser_scans" value="false"/>
      <property name="AlignCameras/cameras" value=""/>
      <property name="AlignCameras/duration" value="4.142"/>
      <property name="AlignCameras/min_image" value="2"/>
      <property name="AlignCameras/point_clouds" value=""/>
      <property name="AlignCameras/ram_used" value="8093696"/>
      <property name="AlignCameras/reset_alignment" value="false"/>
      <property name="AlignCameras/subdivide_task" value="true"/>
      <property name="OptimizeCameras/sigma0" value="0.234508375303071"/>
    </meta>
  </chunk>
</document>
